Analisis Estructura   Wed Jun 24 23:33:06 COT 2020
 
Insertar Todos
Datos  Tiempo ns
1000   8
5000   8
10000   10
50000   42
100000   75
250000   156
500000   182
750000   270
1000000   1145

Insertar Uno
Datos  Tiempo ns
1000   0
5000   0
10000   0
50000   0
100000   0
250000   0
500000   0
750000   0
1000000   0

Buscar Uno
Datos  Tiempo ns
1000   0
5000   0
10000   0
50000   0
100000   0
250000   0
500000   0
750000   0
1000000   0

Consultar Todos
Datos  Tiempo ns
1000   1
5000   4
10000   11
50000   31
100000   211
250000   160
500000   950
750000   1283
1000000   1071
Analisis Estructura   Wed Jun 24 23:34:28 COT 2020
 
Insertar Todos
Datos  Tiempo ns
1000   8457000
5000   8440100
10000   11504700
50000   36473600
100000   77056600
250000   164943500
500000   181288800
750000   295227700
1000000   508994100

Insertar Uno
Datos  Tiempo ns
1000   1400
5000   2000
10000   2400
50000   5200
100000   4500
250000   19500
500000   3200
750000   3000
1000000   600

Buscar Uno
Datos  Tiempo ns
1000   59400
5000   5100
10000   6000
50000   11900
100000   12700
250000   13700
500000   9700
750000   9500
1000000   9100

Consultar Todos
Datos  Tiempo ns
1000   2541800
5000   3450700
10000   8745100
50000   34108500
100000   203635400
250000   165014500
500000   696140200
750000   1083600900
1000000   1429001900
Analisis Estructura   Wed Jun 24 23:36:32 COT 2020
 
Insertar Todos
Datos 	 Tiempo ns
1000 	8646000
5000 	6505400
10000 	15099600
50000 	36740000
100000 	83509700
250000 	142490000
500000 	182980100
750000 	290437100
1000000 	504614100

Insertar Uno
Datos  Tiempo ns
1000 	1500
5000 	2400
10000 	900
50000 	6800
100000 	6400
250000 	33800
500000 	3300
750000 	3100
1000000 	500

Buscar Uno
Datos  Tiempo ns
1000   69900
5000   5100
10000   4300
50000   14700
100000   18700
250000   20900
500000   9900
750000   11300
1000000   13100

Consultar Todos
Datos  Tiempo ns
1000 	2866000
5000 	3751100
10000 	8584900
50000 	31575100
100000 	207883900
250000 	181538600
500000 	947390000
750000 	1293303200
1000000 	1524006700
Analisis Estructura   Wed Jun 24 23:39:10 COT 2020
 
Insertar Todos
Datos 	 Tiempo ns
1000 	9134800
5000 	9068400
10000 	13114400
50000 	40489000
100000 	84405200
250000 	138475300
500000 	191442400
750000 	950831100
1000000 	393121000

Insertar Uno
Datos	Tiempo ns
1000 	2100
5000 	4200
10000 	900
50000 	4800
100000 	6400
250000 	31700
500000 	3500
750000 	3300
1000000 	600

Buscar Uno
Datos	Tiempo ns
1000   85800
5000   6400
10000   4200
50000   12000
100000   24700
250000   20900
500000   16000
750000   10800
1000000   11100

Consultar Todos
Datos	Tiempo ns
1000	1947800
5000	5127900
10000	9288500
50000	34556200
100000	224256300
250000	351543400
500000	868243800
750000	609364400
1000000	930825900
Analisis Estructura   Wed Jun 24 23:40:46 COT 2020
 
Insertar Todos
Datos 	 Tiempo ns
1000 	8870800
5000 	8739600
10000 	11365400
50000 	40398900
100000 	74661100
250000 	141250500
500000 	178007900
750000 	962099100
1000000 	385334200

Insertar Uno
Datos	Tiempo ns
1000 	1700
5000 	3400
10000 	600
50000 	7900
100000 	4600
250000 	23600
500000 	3300
750000 	2900
1000000 	400

Buscar Uno
Datos	Tiempo ns
1000	60200
5000	7300
10000	3900
50000	17200
100000	12600
250000	21300
500000	12100
750000	10700
1000000	9500

Consultar Todos
Datos	Tiempo ns
1000	2069300
5000	4808400
10000	8241900
50000	31610100
100000	228488300
250000	356185400
500000	877766000
750000	541951300
1000000	891528800
Analisis Estructura   Wed Jun 24 23:53:10 COT 2020
 
Insertar Todos
Datos 	 Tiempo ns
1000 	274700
5000 	2003300
10000 	2930700
50000 	22115200
100000 	63716700
250000 	145138000
500000 	392762400
750000 	468615000
1000000 	842765900

Insertar Uno
Datos	Tiempo ns
1000 	3800
5000 	1600
10000 	10600
50000 	2200
100000 	1000
250000 	3500
500000 	3300
750000 	3000
1000000 	1000

Buscar Uno
Datos	Tiempo ns
1000	9800
5000	9600
10000	11200
50000	9300
100000	46700
250000	35900
500000	4900
750000	4700
1000000	5700

Consultar Todos
Datos	Tiempo ns
1000	183500
5000	2046300
10000	2451600
50000	25298200
100000	577452300
250000	133306500
500000	598172900
750000	831265900
1000000	1983607700
